1.331399999999999864e+02 1.106400000000000006e+02 6.098850000000000193e+01 3.080799999999999841e+02 2.067000000000000171e+01
1.366800000000000068e+02 1.101400000000000006e+02 6.257139999999999702e+01 3.118199999999999932e+02 2.062000000000000099e+01
1.358100000000000023e+02 1.109500000000000028e+02 6.308709999999999951e+01 3.063000000000000114e+02 2.030000000000000071e+01
1.366500000000000057e+02 1.117900000000000063e+02 6.474139999999999873e+01 3.098100000000000023e+02 1.987000000000000099e+01
1.343799999999999955e+02 1.073400000000000034e+02 6.320420000000000016e+01 3.047300000000000182e+02 1.932000000000000028e+01
1.342800000000000011e+02 1.091899999999999977e+02 6.313280000000000314e+01 3.463199999999999932e+02 1.964000000000000057e+01
1.320800000000000125e+02 1.079800000000000040e+02 6.284279999999999688e+01 3.500500000000000114e+02 1.932000000000000028e+01
1.311399999999999864e+02 1.136500000000000057e+02 6.331989999999999696e+01 3.602900000000000205e+02 1.976000000000000156e+01
1.333600000000000136e+02 1.141899999999999977e+02 6.504139999999999588e+01 3.583799999999999955e+02 2.005000000000000071e+01
1.323100000000000023e+02 1.156400000000000006e+02 6.454139999999999588e+01 3.660000000000000000e+02 2.017999999999999972e+01
1.329799999999999898e+02 1.175100000000000051e+02 6.424989999999999668e+01 3.748700000000000045e+02 2.046999999999999886e+01
1.331299999999999955e+02 1.180699999999999932e+02 6.319850000000000279e+01 3.710000000000000000e+02 2.028000000000000114e+01
1.358799999999999955e+02 1.285099999999999909e+02 6.345989999999999753e+01 3.711899999999999977e+02 2.039999999999999858e+01
1.366899999999999977e+02 1.376100000000000136e+02 6.482989999999999498e+01 3.712300000000000182e+02 2.100000000000000000e+01
1.365000000000000000e+02 1.401299999999999955e+02 6.505849999999999511e+01 3.751000000000000227e+02 2.200000000000000000e+01
1.359399999999999977e+02 1.429600000000000080e+02 6.542849999999999966e+01 3.784100000000000250e+02 2.225000000000000000e+01
1.367400000000000091e+02 1.447899999999999920e+02 6.651560000000000628e+01 3.777200000000000273e+02 2.226999999999999957e+01
1.353799999999999955e+02 1.435000000000000000e+02 6.702280000000000371e+01 3.737799999999999727e+02 2.235000000000000142e+01
1.368499999999999943e+02 1.440000000000000000e+02 6.785710000000000264e+01 3.734900000000000091e+02 2.239999999999999858e+01
1.371200000000000045e+02 1.449399999999999977e+02 6.794989999999999952e+01 3.786200000000000045e+02 2.216000000000000014e+01
1.379900000000000091e+02 1.432400000000000091e+02 6.829989999999999384e+01 3.834399999999999977e+02 2.232999999999999829e+01
1.376699999999999875e+02 1.437100000000000080e+02 6.737279999999999802e+01 3.786499999999999773e+02 2.216000000000000014e+01
1.384199999999999875e+02 1.435999999999999943e+02 6.780710000000000548e+01 3.772699999999999818e+02 2.221999999999999886e+01
1.385200000000000102e+02 1.439199999999999875e+02 6.862560000000000571e+01 3.840699999999999932e+02 2.216000000000000014e+01
1.419799999999999898e+02 1.419900000000000091e+02 6.908140000000000214e+01 3.840000000000000000e+02 2.214000000000000057e+01
1.419699999999999989e+02 1.430800000000000125e+02 6.771420000000000528e+01 3.808500000000000227e+02 2.200000000000000000e+01
1.432500000000000000e+02 1.420000000000000000e+02 6.834420000000000073e+01 3.839499999999999886e+02 2.242999999999999972e+01
1.415500000000000114e+02 1.421999999999999886e+02 6.752989999999999782e+01 3.857099999999999795e+02 2.210000000000000142e+01
1.399499999999999886e+02 1.434499999999999886e+02 6.742849999999999966e+01 3.856100000000000136e+02 2.242999999999999972e+01
1.405600000000000023e+02 1.415000000000000000e+02 6.664279999999999404e+01 3.855199999999999818e+02 2.273000000000000043e+01
1.398799999999999955e+02 1.405500000000000114e+02 6.498990000000000578e+01 3.783999999999999773e+02 2.255999999999999872e+01
1.402700000000000102e+02 1.387299999999999898e+02 6.301570000000000249e+01 3.774499999999999886e+02 2.271000000000000085e+01
1.417800000000000011e+02 1.381699999999999875e+02 6.223989999999999867e+01 3.706100000000000136e+02 2.300000000000000000e+01
1.439300000000000068e+02 1.403100000000000023e+02 6.334709999999999752e+01 3.688199999999999932e+02 2.266000000000000014e+01
1.550900000000000034e+02 1.431999999999999886e+02 6.390709999999999980e+01 3.715199999999999818e+02 2.255999999999999872e+01
1.500000000000000000e+02 1.422500000000000000e+02 6.154710000000000036e+01 3.703799999999999955e+02 2.287999999999999901e+01
1.493799999999999955e+02 1.416399999999999864e+02 5.971280000000000143e+01 3.711100000000000136e+02 2.292000000000000171e+01
1.507299999999999898e+02 1.418799999999999955e+02 5.973850000000000193e+01 3.699700000000000273e+02 2.325000000000000000e+01
1.510099999999999909e+02 1.412500000000000000e+02 6.045989999999999753e+01 3.738700000000000045e+02 2.294999999999999929e+01
1.526800000000000068e+02 1.399399999999999977e+02 6.133709999999999951e+01 3.762900000000000205e+02 2.341000000000000014e+01
1.530999999999999943e+02 1.385000000000000000e+02 6.088989999999999725e+01 3.780699999999999932e+02 2.276999999999999957e+01
1.532400000000000091e+02 1.399199999999999875e+02 6.113569999999999993e+01 3.739900000000000091e+02 2.264000000000000057e+01
1.536200000000000045e+02 1.412299999999999898e+02 6.268419999999999703e+01 3.751700000000000159e+02 2.239000000000000057e+01
1.503499999999999943e+02 1.399399999999999977e+02 5.962850000000000250e+01 3.695899999999999750e+02 2.060999999999999943e+01
1.496299999999999955e+02 1.418199999999999932e+02 5.932990000000000208e+01 3.671100000000000136e+02 2.108999999999999986e+01
1.528400000000000034e+02 1.427400000000000091e+02 5.971569999999999823e+01 3.718700000000000045e+02 2.148000000000000043e+01
1.515099999999999909e+02 1.418499999999999943e+02 6.010990000000000322e+01 3.732400000000000091e+02 2.141000000000000014e+01
1.508899999999999864e+02 1.400399999999999920e+02 5.964280000000000115e+01 3.721000000000000227e+02 2.101000000000000156e+01
1.506500000000000057e+02 1.379799999999999898e+02 5.907139999999999702e+01 3.705000000000000000e+02 2.112999999999999901e+01
1.508700000000000045e+02 1.371299999999999955e+02 5.876850000000000307e+01 3.701000000000000227e+02 2.096999999999999886e+01
1.536800000000000068e+02 1.387800000000000011e+02 6.049710000000000321e+01 3.761499999999999773e+02 2.167000000000000171e+01
1.520999999999999943e+02 1.358600000000000136e+02 6.120139999999999958e+01 3.746600000000000250e+02 2.187999999999999901e+01
1.521699999999999875e+02 1.362100000000000080e+02 6.299989999999999668e+01 3.806600000000000250e+02 2.185000000000000142e+01
1.519000000000000057e+02 1.367599999999999909e+02 6.439709999999999468e+01 3.843100000000000023e+02 2.255000000000000071e+01
1.517199999999999989e+02 1.383400000000000034e+02 6.723990000000000578e+01 3.835299999999999727e+02 2.271000000000000085e+01
1.526999999999999886e+02 1.381699999999999875e+02 6.885710000000000264e+01 3.835099999999999909e+02 2.246000000000000085e+01
1.561999999999999886e+02 1.388100000000000023e+02 6.870420000000000016e+01 3.846499999999999773e+02 2.242000000000000171e+01
1.535099999999999909e+02 1.419399999999999977e+02 7.599989999999999668e+01 3.836899999999999977e+02 2.250000000000000000e+01
1.549000000000000057e+02 1.405900000000000034e+02 7.977849999999999397e+01 3.826299999999999955e+02 2.201999999999999957e+01
1.525000000000000000e+02 1.405600000000000023e+02 8.178560000000000230e+01 3.785500000000000114e+02 2.230000000000000071e+01
1.517800000000000011e+02 1.402700000000000102e+02 8.123420000000000130e+01 3.913100000000000023e+02 2.235999999999999943e+01
1.528199999999999932e+02 1.386699999999999875e+02 8.021129999999999427e+01 3.919100000000000250e+02 2.219000000000000128e+01
1.538799999999999955e+02 1.373700000000000045e+02 7.965560000000000684e+01 3.902099999999999795e+02 2.189999999999999858e+01
1.579300000000000068e+02 1.388300000000000125e+02 8.017279999999999518e+01 4.390000000000000000e+02 2.221000000000000085e+01
1.569699999999999989e+02 1.385000000000000000e+02 8.029279999999999973e+01 4.438600000000000136e+02 2.210000000000000142e+01
1.555000000000000000e+02 1.354799999999999898e+02 8.058990000000000009e+01 4.385099999999999909e+02 2.216000000000000014e+01
1.542899999999999920e+02 1.353000000000000114e+02 8.006990000000000407e+01 4.267500000000000000e+02 2.214999999999999858e+01
1.512199999999999989e+02 1.375999999999999943e+02 8.023709999999999809e+01 4.271100000000000136e+02 2.203000000000000114e+01
1.504099999999999966e+02 1.437199999999999989e+02 7.985559999999999548e+01 4.238199999999999932e+02 2.237999999999999901e+01
1.545200000000000102e+02 1.480999999999999943e+02 7.957129999999999370e+01 4.248000000000000114e+02 2.273000000000000043e+01
1.542500000000000000e+02 1.481200000000000045e+02 8.123850000000000193e+01 4.228500000000000227e+02 2.253000000000000114e+01
1.533300000000000125e+02 1.472299999999999898e+02 8.102849999999999397e+01 4.214300000000000068e+02 2.214999999999999858e+01
1.513700000000000045e+02 1.486399999999999864e+02 8.011419999999999675e+01 4.241499999999999773e+02 2.201000000000000156e+01
1.550000000000000000e+02 1.530000000000000000e+02 8.104130000000000678e+01 4.307500000000000000e+02 2.101000000000000156e+01
1.540000000000000000e+02 1.543199999999999932e+02 8.232420000000000471e+01 4.325099999999999909e+02 2.053999999999999915e+01
1.532599999999999909e+02 1.528600000000000136e+02 8.380849999999999511e+01 4.310799999999999841e+02 2.048000000000000043e+01
1.529900000000000091e+02 1.522199999999999989e+02 8.340420000000000300e+01 4.299800000000000182e+02 2.098000000000000043e+01
1.526899999999999977e+02 1.546899999999999977e+02 8.328560000000000230e+01 4.294499999999999886e+02 2.101000000000000156e+01
1.494099999999999966e+02 1.545099999999999909e+02 8.636419999999999675e+01 4.280000000000000000e+02 2.137999999999999901e+01
1.504000000000000057e+02 1.549900000000000091e+02 8.754420000000000357e+01 4.260000000000000000e+02 2.125000000000000000e+01
1.513600000000000136e+02 1.552700000000000102e+02 8.888849999999999341e+01 4.248700000000000045e+02 2.119999999999999929e+01
1.516800000000000068e+02 1.546999999999999886e+02 8.821420000000000528e+01 4.206000000000000227e+02 2.105000000000000071e+01
1.511999999999999886e+02 1.531899999999999977e+02 8.908129999999999882e+01 4.280000000000000000e+02 2.105000000000000071e+01
1.520699999999999932e+02 1.541299999999999955e+02 8.917849999999999966e+01 4.315500000000000114e+02 2.094000000000000128e+01
1.509000000000000057e+02 1.514600000000000080e+02 8.887420000000000186e+01 4.261999999999999886e+02 2.076000000000000156e+01
1.518799999999999955e+02 1.514000000000000057e+02 8.814279999999999404e+01 4.274499999999999886e+02 2.087000000000000099e+01
1.551800000000000068e+02 1.516299999999999955e+02 8.971420000000000528e+01 4.297099999999999795e+02 2.183999999999999986e+01
1.592700000000000102e+02 1.510699999999999932e+02 8.947280000000000655e+01 4.272300000000000182e+02 2.214000000000000057e+01
1.530500000000000114e+02 1.489000000000000057e+02 8.883710000000000662e+01 4.303999999999999773e+02 2.226999999999999957e+01
1.543000000000000114e+02 1.469900000000000091e+02 8.871129999999999427e+01 4.300699999999999932e+02 2.223999999999999844e+01
1.545099999999999909e+02 1.491100000000000136e+02 8.924280000000000257e+01 4.343999999999999773e+02 2.200000000000000000e+01
1.547199999999999989e+02 1.469000000000000057e+02 8.837850000000000250e+01 4.343999999999999773e+02 2.157000000000000028e+01
1.561100000000000136e+02 1.473300000000000125e+02 8.921420000000000528e+01 4.296600000000000250e+02 2.201999999999999957e+01
1.564600000000000080e+02 1.480999999999999943e+02 9.071420000000000528e+01 4.256200000000000045e+02 2.219000000000000128e+01
1.537299999999999898e+02 1.486100000000000136e+02 8.933419999999999561e+01 4.229599999999999795e+02 2.176999999999999957e+01
1.544900000000000091e+02 1.497299999999999898e+02 9.339560000000000173e+01 4.264599999999999795e+02 2.160000000000000142e+01
1.550099999999999909e+02 1.518700000000000045e+02 9.688989999999999725e+01 4.322900000000000205e+02 2.146999999999999886e+01
1.547100000000000080e+02 1.515099999999999909e+02 9.491559999999999775e+01 4.312500000000000000e+02 2.155999999999999872e+01
1.544699999999999989e+02 1.465200000000000102e+02 9.285710000000000264e+01 4.276600000000000250e+02 2.100000000000000000e+01
1.544499999999999886e+02 1.459600000000000080e+02 9.424280000000000257e+01 4.241499999999999773e+02 2.103000000000000114e+01
1.556800000000000068e+02 1.460399999999999920e+02 9.513280000000000314e+01 4.283600000000000136e+02 2.132000000000000028e+01
1.560000000000000000e+02 1.457899999999999920e+02 9.465130000000000621e+01 4.303000000000000114e+02 2.176000000000000156e+01
1.562400000000000091e+02 1.473300000000000125e+02 9.624280000000000257e+01 4.402599999999999909e+02 2.194000000000000128e+01
1.557899999999999920e+02 1.491500000000000057e+02 9.504279999999999973e+01 4.370000000000000000e+02 2.191000000000000014e+01
1.558799999999999955e+02 1.483400000000000034e+02 9.633559999999999945e+01 4.355899999999999750e+02 2.182000000000000028e+01
1.564399999999999977e+02 1.480500000000000114e+02 1.000142000000000024e+02 4.449700000000000273e+02 2.119000000000000128e+01
1.555999999999999943e+02 1.461999999999999886e+02 9.548130000000000450e+01 4.380699999999999932e+02 2.101000000000000156e+01
1.554000000000000057e+02 1.457199999999999989e+02 9.529989999999999384e+01 4.417599999999999909e+02 2.100000000000000000e+01
1.562599999999999909e+02 1.438700000000000045e+02 9.150560000000000116e+01 4.349800000000000182e+02 2.050000000000000000e+01
1.546899999999999977e+02 1.430900000000000034e+02 9.335699999999999932e+01 4.341999999999999886e+02 2.023999999999999844e+01
1.559399999999999977e+02 1.425699999999999932e+02 9.480559999999999832e+01 4.393500000000000227e+02 2.060999999999999943e+01
1.552299999999999898e+02 1.445200000000000102e+02 9.399850000000000705e+01 4.370000000000000000e+02 2.039000000000000057e+01
1.547899999999999920e+02 1.422599999999999909e+02 9.347280000000000655e+01 4.352300000000000182e+02 2.025000000000000000e+01
1.571800000000000068e+02 1.443899999999999864e+02 9.501279999999999859e+01 4.356800000000000068e+02 2.005000000000000071e+01
1.580099999999999909e+02 1.440099999999999909e+02 9.347129999999999939e+01 4.343500000000000227e+02 1.967999999999999972e+01
1.600000000000000000e+02 1.461699999999999875e+02 9.489990000000000236e+01 4.348999999999999773e+02 1.996000000000000085e+01
1.625000000000000000e+02 1.481500000000000057e+02 9.752280000000000371e+01 4.404900000000000091e+02 1.966000000000000014e+01
1.644499999999999886e+02 1.544300000000000068e+02 9.809850000000000136e+01 4.482900000000000205e+02 1.994999999999999929e+01
1.677199999999999989e+02 1.530500000000000114e+02 1.012712999999999965e+02 4.623199999999999932e+02 1.991000000000000014e+01
1.675200000000000102e+02 1.513199999999999932e+02 9.996999999999999886e+01 4.630400000000000205e+02 1.983999999999999986e+01
1.690000000000000000e+02 1.513799999999999955e+02 1.110199999999999960e+02 4.655000000000000000e+02 1.987000000000000099e+01
1.679199999999999875e+02 1.551200000000000045e+02 1.173400000000000034e+02 4.776999999999999886e+02 2.012000000000000099e+01
1.678499999999999943e+02 1.569600000000000080e+02 1.147000000000000028e+02 4.925699999999999932e+02 2.007000000000000028e+01
1.679699999999999989e+02 1.602599999999999909e+02 1.102099999999999937e+02 4.878999999999999773e+02 1.966000000000000014e+01
1.664399999999999977e+02 1.592199999999999989e+02 1.121400000000000006e+02 4.859900000000000091e+02 1.964999999999999858e+01
1.704300000000000068e+02 1.615000000000000000e+02 1.109099999999999966e+02 4.916600000000000250e+02 1.944999999999999929e+01
1.693499999999999943e+02 1.592800000000000011e+02 1.115499999999999972e+02 5.789900000000000091e+02 1.978999999999999915e+01
1.684499999999999886e+02 1.568199999999999932e+02 1.077900000000000063e+02 5.277500000000000000e+02 1.925000000000000000e+01
1.670500000000000114e+02 1.550099999999999909e+02 1.072900000000000063e+02 5.360000000000000000e+02 1.935999999999999943e+01
1.662500000000000000e+02 1.565600000000000023e+02 1.068299999999999983e+02 5.309199999999999591e+02 1.969000000000000128e+01
1.663000000000000114e+02 1.566299999999999955e+02 1.064000000000000057e+02 5.276499999999999773e+02 1.992000000000000171e+01
1.670000000000000000e+02 1.582599999999999909e+02 1.119500000000000028e+02 5.390900000000000318e+02 2.010000000000000142e+01
1.672299999999999898e+02 1.566299999999999955e+02 1.145999999999999943e+02 5.374500000000000455e+02 2.010999999999999943e+01
1.648300000000000125e+02 1.536399999999999864e+02 1.131500000000000057e+02 5.296900000000000546e+02 2.021999999999999886e+01
1.665200000000000102e+02 1.667199999999999989e+02 1.256200000000000045e+02 5.387999999999999545e+02 2.087000000000000099e+01
1.672700000000000102e+02 1.701500000000000057e+02 1.262900000000000063e+02 5.392999999999999545e+02 2.053000000000000114e+01
1.646999999999999886e+02 1.682100000000000080e+02 1.264200000000000017e+02 5.291599999999999682e+02 2.246000000000000085e+01
1.676599999999999966e+02 1.691899999999999977e+02 1.260900000000000034e+02 5.285199999999999818e+02 2.282000000000000028e+01
1.669600000000000080e+02 1.706800000000000068e+02 1.200100000000000051e+02 5.236499999999999773e+02 2.342999999999999972e+01
1.665999999999999943e+02 1.697800000000000011e+02 1.214699999999999989e+02 5.237500000000000000e+02 2.328000000000000114e+01
1.672400000000000091e+02 1.725099999999999909e+02 1.209899999999999949e+02 5.273700000000000045e+02 2.375000000000000000e+01
1.687299999999999898e+02 1.720000000000000000e+02 1.249599999999999937e+02 5.282500000000000000e+02 2.350000000000000000e+01
1.711200000000000045e+02 1.755300000000000011e+02 1.231400000000000006e+02 5.312899999999999636e+02 2.350000000000000000e+01
1.707599999999999909e+02 1.749499999999999886e+02 1.252600000000000051e+02 5.350399999999999636e+02 2.321999999999999886e+01
1.736500000000000057e+02 1.749000000000000057e+02 1.235000000000000000e+02 5.337400000000000091e+02 2.305000000000000071e+01
1.716699999999999875e+02 1.700000000000000000e+02 1.197999999999999972e+02 5.303899999999999864e+02 2.273000000000000043e+01
1.677700000000000102e+02 1.652800000000000011e+02 1.062000000000000028e+02 5.073600000000000136e+02 2.200000000000000000e+01
1.430000000000000000e+02 1.529799999999999898e+02 8.875000000000000000e+01 4.635799999999999841e+02 2.026999999999999957e+01
1.641100000000000136e+02 1.587500000000000000e+02 1.077500000000000000e+02 4.874900000000000091e+02 2.162000000000000099e+01
1.543000000000000114e+02 1.583300000000000125e+02 1.071500000000000057e+02 4.840199999999999818e+02 2.094000000000000128e+01
1.608700000000000045e+02 1.597899999999999920e+02 1.149399999999999977e+02 5.140299999999999727e+02 2.203999999999999915e+01
1.647800000000000011e+02 1.636299999999999955e+02 1.164599999999999937e+02 5.175000000000000000e+02 2.262000000000000099e+01
1.572800000000000011e+02 1.649799999999999898e+02 1.152399999999999949e+02 5.164400000000000546e+02 2.262999999999999901e+01
1.553499999999999943e+02 1.643899999999999864e+02 1.093599999999999994e+02 4.991399999999999864e+02 2.182999999999999829e+01
1.555500000000000114e+02 1.663100000000000023e+02 1.093100000000000023e+02 5.050899999999999750e+02 2.212999999999999901e+01
1.585999999999999943e+02 1.694099999999999966e+02 1.026899999999999977e+02 5.145000000000000000e+02 2.253999999999999915e+01
1.572199999999999989e+02 1.660900000000000034e+02 9.804999999999999716e+01 4.976499999999999773e+02 2.189000000000000057e+01
1.607199999999999989e+02 1.684199999999999875e+02 1.020799999999999983e+02 5.086899999999999977e+02 2.228000000000000114e+01
1.690000000000000000e+02 1.717800000000000011e+02 9.651000000000000512e+01 5.240000000000000000e+02 2.275000000000000000e+01
1.620000000000000000e+02 1.686800000000000068e+02 9.942000000000000171e+01 5.151499999999999773e+02 2.210000000000000142e+01
1.648100000000000023e+02 1.700200000000000102e+02 9.856999999999999318e+01 5.210700000000000500e+02 2.232999999999999829e+01
1.647700000000000102e+02 1.715200000000000102e+02 9.684000000000000341e+01 5.294400000000000546e+02 2.276000000000000156e+01
1.630900000000000034e+02 1.735699999999999932e+02 9.521999999999999886e+01 5.232500000000000000e+02 2.269999999999999929e+01
1.645300000000000011e+02 1.751899999999999977e+02 9.970000000000000284e+01 5.219800000000000182e+02 2.289999999999999858e+01
1.644900000000000091e+02 1.763400000000000034e+02 1.036700000000000017e+02 5.269800000000000182e+02 2.350000000000000000e+01
1.679799999999999898e+02 1.734499999999999886e+02 1.020000000000000000e+02 5.346200000000000045e+02 2.298999999999999844e+01
1.684600000000000080e+02 1.711699999999999875e+02 1.032999999999999972e+02 5.443300000000000409e+02 2.332000000000000028e+01
1.664199999999999875e+02 1.693899999999999864e+02 9.829000000000000625e+01 5.397100000000000364e+02 2.301999999999999957e+01
1.655600000000000023e+02 1.665800000000000125e+02 9.859999999999999432e+01 5.382999999999999545e+02 2.291000000000000014e+01
1.670800000000000125e+02 1.595999999999999943e+02 9.710999999999999943e+01 5.305499999999999545e+02 2.285999999999999943e+01
1.693899999999999864e+02 1.611999999999999886e+02 1.052999999999999972e+02 5.425700000000000500e+02 2.373000000000000043e+01
1.680200000000000102e+02 1.579900000000000091e+02 1.015699999999999932e+02 5.200199999999999818e+02 2.360999999999999943e+01
1.639000000000000057e+02 1.535699999999999932e+02 9.962999999999999545e+01 5.060000000000000000e+02 2.355000000000000071e+01
1.639499999999999886e+02 1.499300000000000068e+02 9.990999999999999659e+01 5.054399999999999977e+02 2.392999999999999972e+01
1.642599999999999909e+02 1.532299999999999898e+02 1.029099999999999966e+02 5.110000000000000000e+02 2.464999999999999858e+01
1.639099999999999966e+02 1.566200000000000045e+02 1.030100000000000051e+02 5.129900000000000091e+02 2.403999999999999915e+01
1.668300000000000125e+02 1.645699999999999932e+02 1.074800000000000040e+02 5.369900000000000091e+02 2.496000000000000085e+01
1.679600000000000080e+02 1.638100000000000023e+02 1.103299999999999983e+02 5.455000000000000000e+02 2.514999999999999858e+01
1.659499999999999886e+02 1.605200000000000102e+02 1.088400000000000034e+02 5.417899999999999636e+02 2.580999999999999872e+01
1.646299999999999955e+02 1.591100000000000136e+02 1.079399999999999977e+02 5.367100000000000364e+02 2.591000000000000014e+01
1.638100000000000023e+02 1.632599999999999909e+02 1.141099999999999994e+02 5.344800000000000182e+02 2.603000000000000114e+01
1.667299999999999898e+02 1.650000000000000000e+02 1.144500000000000028e+02 5.399600000000000364e+02 2.610000000000000142e+01
1.655399999999999920e+02 1.607800000000000011e+02 1.128499999999999943e+02 5.462599999999999909e+02 2.614000000000000057e+01
1.635999999999999943e+02 1.554499999999999886e+02 1.115000000000000000e+02 5.513400000000000318e+02 2.642999999999999972e+01
1.603000000000000114e+02 1.526899999999999977e+02 1.037699999999999960e+02 5.477500000000000000e+02 2.741000000000000014e+01
1.613199999999999932e+02 1.501599999999999966e+02 1.002099999999999937e+02 5.652699999999999818e+02 2.751999999999999957e+01
1.660800000000000125e+02 1.502700000000000102e+02 9.806999999999999318e+01 5.707599999999999909e+02 2.794999999999999929e+01
1.690000000000000000e+02 1.476999999999999886e+02 1.010600000000000023e+02 5.720000000000000000e+02 2.769000000000000128e+01
1.696899999999999977e+02 1.493899999999999864e+02 9.967000000000000171e+01 5.638700000000000045e+02 2.794000000000000128e+01
1.689900000000000091e+02 1.465300000000000011e+02 9.806999999999999318e+01 5.627000000000000455e+02 2.773000000000000043e+01
1.699199999999999875e+02 1.535000000000000000e+02 9.760999999999999943e+01 6.176799999999999500e+02 2.864999999999999858e+01
1.660099999999999909e+02 1.523300000000000125e+02 1.000499999999999972e+02 6.022999999999999545e+02 2.860999999999999943e+01
1.697299999999999898e+02 1.474499999999999886e+02 1.025799999999999983e+02 6.086000000000000227e+02 2.832000000000000028e+01
1.693199999999999932e+02 1.478799999999999955e+02 1.029000000000000057e+02 6.122999999999999545e+02 2.862000000000000099e+01
1.720699999999999932e+02 1.518400000000000034e+02 1.050000000000000000e+02 6.177000000000000455e+02 2.821000000000000085e+01
1.733600000000000136e+02 1.523499999999999943e+02 1.051200000000000045e+02 6.260099999999999909e+02 2.798000000000000043e+01
1.748799999999999955e+02 1.554399999999999977e+02 1.092000000000000028e+02 6.271299999999999955e+02 2.846000000000000085e+01
1.719199999999999875e+02 1.507500000000000000e+02 1.073599999999999994e+02 6.295299999999999727e+02 2.853000000000000114e+01
1.733199999999999932e+02 1.416899999999999977e+02 1.103599999999999994e+02 6.277599999999999909e+02 2.842000000000000171e+01
1.705800000000000125e+02 1.453300000000000125e+02 1.137500000000000000e+02 6.471000000000000227e+02 2.817000000000000171e+01
1.720399999999999920e+02 1.546200000000000045e+02 1.133900000000000006e+02 6.550000000000000000e+02 3.044999999999999929e+01
1.722700000000000102e+02 1.549900000000000091e+02 1.133599999999999994e+02 6.586499999999999773e+02 3.123999999999999844e+01
1.709799999999999898e+02 1.517400000000000091e+02 1.088599999999999994e+02 6.510099999999999909e+02 3.100000000000000000e+01
1.742800000000000011e+02 1.547299999999999898e+02 1.130799999999999983e+02 6.632500000000000000e+02 3.082999999999999829e+01
1.702299999999999898e+02 1.542299999999999898e+02 1.125199999999999960e+02 6.730000000000000000e+02 3.044000000000000128e+01
1.678899999999999864e+02 1.513799999999999955e+02 1.083400000000000034e+02 6.635700000000000500e+02 3.042999999999999972e+01
1.543400000000000034e+02 1.533400000000000034e+02 1.029699999999999989e+02 6.409199999999999591e+02 3.019000000000000128e+01
1.605900000000000034e+02 1.575600000000000023e+02 1.121099999999999994e+02 6.506499999999999773e+02 3.048000000000000043e+01
1.637400000000000091e+02 1.570000000000000000e+02 1.179399999999999977e+02 6.465099999999999909e+02 3.041000000000000014e+01
1.652400000000000091e+02 1.596100000000000136e+02 1.202500000000000000e+02 6.649900000000000091e+02 3.114000000000000057e+01
1.650000000000000000e+02 1.611399999999999864e+02 1.208499999999999943e+02 6.679400000000000546e+02 3.135000000000000142e+01
1.707700000000000102e+02 1.610300000000000011e+02 1.242999999999999972e+02 6.715000000000000000e+02 3.164999999999999858e+01
1.697800000000000011e+02 1.588499999999999943e+02 1.236700000000000017e+02 6.741399999999999864e+02 3.092000000000000171e+01
1.700099999999999909e+02 1.610999999999999943e+02 1.242300000000000040e+02 6.750000000000000000e+02 3.110999999999999943e+01
1.705900000000000034e+02 1.599499999999999886e+02 1.238499999999999943e+02 6.807999999999999545e+02 3.119000000000000128e+01
1.730099999999999909e+02 1.612599999999999909e+02 1.260300000000000011e+02 6.758999999999999773e+02 3.142000000000000171e+01
1.678199999999999932e+02 1.582400000000000091e+02 1.244699999999999989e+02 6.737500000000000000e+02 3.200000000000000000e+01
1.658300000000000125e+02 1.599799999999999898e+02 1.255300000000000011e+02 6.810000000000000000e+02 3.279999999999999716e+01
1.644099999999999966e+02 1.580600000000000023e+02 1.296200000000000045e+02 6.794400000000000546e+02 3.275999999999999801e+01
1.745000000000000000e+02 1.547199999999999989e+02 1.270000000000000000e+02 6.660000000000000000e+02 3.242999999999999972e+01
1.846399999999999864e+02 1.541200000000000045e+02 1.311899999999999977e+02 6.747400000000000091e+02 3.374000000000000199e+01
1.822500000000000000e+02 1.455600000000000023e+02 1.215100000000000051e+02 6.631299999999999955e+02 3.270000000000000284e+01
1.845600000000000023e+02 1.484099999999999966e+02 1.277000000000000028e+02 6.780000000000000000e+02 3.354999999999999716e+01
1.836100000000000136e+02 1.438700000000000045e+02 1.245000000000000000e+02 6.655900000000000318e+02 3.281000000000000227e+01
1.796899999999999977e+02 1.415200000000000102e+02 1.214500000000000028e+02 6.512300000000000182e+02 3.264999999999999858e+01
1.830500000000000114e+02 1.424699999999999989e+02 1.197699999999999960e+02 6.417500000000000000e+02 3.252000000000000313e+01
1.861800000000000068e+02 1.436200000000000045e+02 1.219300000000000068e+02 6.650299999999999727e+02 3.293999999999999773e+01
1.854300000000000068e+02 1.461800000000000068e+02 1.197999999999999972e+02 6.635599999999999454e+02 3.303999999999999915e+01
1.880000000000000000e+02 1.480500000000000114e+02 1.239699999999999989e+02 6.800000000000000000e+02 3.321999999999999886e+01
1.849499999999999886e+02 1.422500000000000000e+02 1.208499999999999943e+02 6.686499999999999773e+02 3.243999999999999773e+01
1.864600000000000080e+02 1.403600000000000136e+02 1.195100000000000051e+02 6.685000000000000000e+02 3.249000000000000199e+01
1.870600000000000023e+02 1.414199999999999875e+02 1.172999999999999972e+02 6.668300000000000409e+02 3.300000000000000000e+01
1.868400000000000034e+02 1.413899999999999864e+02 1.169099999999999966e+02 6.665000000000000000e+02 3.297999999999999687e+01
1.859300000000000068e+02 1.429600000000000080e+02 1.182199999999999989e+02 6.633500000000000227e+02 3.296000000000000085e+01
1.847299999999999898e+02 1.418600000000000136e+02 1.172600000000000051e+02 6.655599999999999454e+02 3.282000000000000028e+01
1.862899999999999920e+02 1.410000000000000000e+02 1.181899999999999977e+02 6.779800000000000182e+02 3.315999999999999659e+01
1.856100000000000136e+02 1.406200000000000045e+02 1.189500000000000028e+02 6.918899999999999864e+02 3.364999999999999858e+01
1.846100000000000136e+02 1.369099999999999966e+02 1.162099999999999937e+02 6.860800000000000409e+02 3.334000000000000341e+01
1.826699999999999875e+02 1.345900000000000034e+02 1.090000000000000000e+02 6.562899999999999636e+02 3.228999999999999915e+01
1.825699999999999932e+02 1.361899999999999977e+02 1.104500000000000028e+02 6.468600000000000136e+02 3.297999999999999687e+01
1.803899999999999864e+02 1.305800000000000125e+02 1.052900000000000063e+02 6.220000000000000000e+02 3.235000000000000142e+01
1.798000000000000114e+02 1.274800000000000040e+02 1.163599999999999994e+02 6.217999999999999545e+02 3.073999999999999844e+01
1.848000000000000114e+02 1.300099999999999909e+02 1.163299999999999983e+02 6.196599999999999682e+02 3.067000000000000171e+01
1.826399999999999864e+02 1.267500000000000000e+02 1.121299999999999955e+02 6.124800000000000182e+02 2.966000000000000014e+01
1.828100000000000023e+02 1.259500000000000028e+02 1.161099999999999994e+02 6.252500000000000000e+02 3.021000000000000085e+01
1.860000000000000000e+02 1.281699999999999875e+02 1.144300000000000068e+02 6.208799999999999955e+02 3.041000000000000014e+01
1.790900000000000034e+02 1.232900000000000063e+02 1.056500000000000057e+02 5.802500000000000000e+02 2.866000000000000014e+01
1.731999999999999886e+02 1.208799999999999955e+02 1.024300000000000068e+02 5.722400000000000091e+02 2.751999999999999957e+01
1.719799999999999898e+02 1.259699999999999989e+02 1.065699999999999932e+02 5.770900000000000318e+02 2.767000000000000171e+01
1.733000000000000114e+02 1.174699999999999989e+02 1.089099999999999966e+02 5.643600000000000136e+02 2.680999999999999872e+01
1.745000000000000000e+02 1.174399999999999977e+02 1.083199999999999932e+02 5.735800000000000409e+02 2.778000000000000114e+01
1.779499999999999886e+02 1.205799999999999983e+02 1.047224999999999966e+02 5.887300000000000182e+02 2.832999999999999829e+01
1.785000000000000000e+02 1.227800000000000011e+02 9.978000000000000114e+01 5.979900000000000091e+02 2.844000000000000128e+01
1.765800000000000125e+02 1.185300000000000011e+02 9.973999999999999488e+01 6.034500000000000455e+02 2.848000000000000043e+01
1.788300000000000125e+02 1.197500000000000000e+02 9.660999999999999943e+01 6.019900000000000091e+02 2.866000000000000014e+01
1.758300000000000125e+02 1.214099999999999966e+02 9.384000000000000341e+01 6.083700000000000045e+02 2.858999999999999986e+01
1.753400000000000034e+02 1.191700000000000017e+02 9.200000000000000000e+01 5.719800000000000182e+02 2.828999999999999915e+01
1.799199999999999875e+02 1.243900000000000006e+02 9.179000000000000625e+01 5.781499999999999773e+02 2.926000000000000156e+01
1.797400000000000091e+02 1.219500000000000028e+02 9.554000000000000625e+01 5.700000000000000000e+02 2.900000000000000000e+01
1.805000000000000000e+02 1.228900000000000006e+02 9.240999999999999659e+01 5.535000000000000000e+02 2.828000000000000114e+01
1.735500000000000114e+02 1.220400000000000063e+02 8.950000000000000000e+01 5.250000000000000000e+02 2.823999999999999844e+01
1.687500000000000000e+02 1.242399999999999949e+02 8.823000000000000398e+01 5.292799999999999727e+02 2.801999999999999957e+01
1.567599999999999909e+02 1.217399999999999949e+02 8.056999999999999318e+01 4.864700000000000273e+02 2.603000000000000114e+01
1.520000000000000000e+02 1.130799999999999983e+02 8.175000000000000000e+01 4.780099999999999909e+02 2.492000000000000171e+01
1.527899999999999920e+02 1.307599999999999909e+02 8.900000000000000000e+01 4.917599999999999909e+02 2.564999999999999858e+01
1.525399999999999920e+02 1.281899999999999977e+02 8.742000000000000171e+01 4.911700000000000159e+02 2.478000000000000114e+01
1.562400000000000091e+02 1.318300000000000125e+02 8.664000000000000057e+01 5.106999999999999886e+02 2.569999999999999929e+01
1.606100000000000136e+02 1.343100000000000023e+02 8.900000000000000000e+01 5.194800000000000182e+02 2.610000000000000142e+01
1.605099999999999909e+02 1.363799999999999955e+02 9.012999999999999545e+01 5.287400000000000091e+02 2.732999999999999829e+01
1.553300000000000125e+02 1.389199999999999875e+02 9.479999999999999716e+01 5.411900000000000546e+02 2.992999999999999972e+01
1.531599999999999966e+02 1.355699999999999932e+02 8.998000000000000398e+01 5.207100000000000364e+02 2.987999999999999901e+01
1.510000000000000000e+02 1.373199999999999932e+02 9.075000000000000000e+01 5.422000000000000455e+02 3.087999999999999901e+01
1.566299999999999955e+02 1.387500000000000000e+02 9.140000000000000568e+01 5.555499999999999545e+02 3.126999999999999957e+01
1.565200000000000102e+02 1.366100000000000136e+02 8.850000000000000000e+01 5.457500000000000000e+02 3.146999999999999886e+01
1.615200000000000102e+02 1.427100000000000080e+02 9.107999999999999829e+01 5.555199999999999818e+02 3.194000000000000128e+01
1.655699999999999932e+02 1.441699999999999875e+02 9.529999999999999716e+01 5.601200000000000045e+02 3.203999999999999915e+01
1.650000000000000000e+02 1.427199999999999989e+02 9.481000000000000227e+01 5.540000000000000000e+02 3.160999999999999943e+01
1.658600000000000136e+02 1.444900000000000091e+02 9.457999999999999829e+01 5.562899999999999636e+02 3.144000000000000128e+01
1.682100000000000080e+02 1.457700000000000102e+02 9.801000000000000512e+01 5.817500000000000000e+02 3.257000000000000028e+01
1.674099999999999966e+02 1.485200000000000102e+02 9.782999999999999829e+01 5.779600000000000364e+02 3.289999999999999858e+01
1.699600000000000080e+02 1.479300000000000068e+02 9.876000000000000512e+01 5.810700000000000500e+02 3.289999999999999858e+01
1.685699999999999932e+02 1.490000000000000000e+02 1.010000000000000000e+02 5.735399999999999636e+02 3.236999999999999744e+01
1.643400000000000034e+02 1.532199999999999989e+02 9.500000000000000000e+01 5.578700000000000045e+02 3.200999999999999801e+01
1.646999999999999886e+02 1.528000000000000114e+02 9.681999999999999318e+01 5.595599999999999454e+02 3.203000000000000114e+01
1.595600000000000023e+02 1.534600000000000080e+02 9.818000000000000682e+01 5.667400000000000091e+02 3.192000000000000171e+01
1.865999999999999943e+02 1.556500000000000057e+02 9.951000000000000512e+01 5.669500000000000455e+02 3.214999999999999858e+01
1.895200000000000102e+02 1.557599999999999909e+02 9.720000000000000284e+01 5.670000000000000000e+02 3.207000000000000028e+01
1.890200000000000102e+02 1.524300000000000068e+02 9.787000000000000455e+01 5.710000000000000000e+02 3.213000000000000256e+01
1.870999999999999943e+02 1.522800000000000011e+02 9.753000000000000114e+01 5.766399999999999864e+02 3.189999999999999858e+01
1.894399999999999977e+02 1.539000000000000057e+02 9.904999999999999716e+01 5.695099999999999909e+02 3.297999999999999687e+01
1.883199999999999932e+02 1.564099999999999966e+02 1.005000000000000000e+02 5.609400000000000546e+02 3.321000000000000085e+01
1.908799999999999955e+02 1.565200000000000102e+02 1.011500000000000057e+02 5.489099999999999682e+02 3.350999999999999801e+01
1.904399999999999977e+02 1.554399999999999977e+02 1.004800000000000040e+02 5.451100000000000136e+02 3.379999999999999716e+01
1.912199999999999989e+02 1.545699999999999932e+02 9.975000000000000000e+01 5.610000000000000000e+02 3.400000000000000000e+01
1.914000000000000057e+02 1.530300000000000011e+02 9.864000000000000057e+01 5.671100000000000136e+02 3.411999999999999744e+01
1.918400000000000034e+02 1.536699999999999875e+02 9.834000000000000341e+01 5.843999999999999773e+02 3.442000000000000171e+01
1.925500000000000114e+02 1.532199999999999989e+02 1.010799999999999983e+02 5.801499999999999773e+02 3.467999999999999972e+01
1.948700000000000045e+02 1.555099999999999909e+02 1.046500000000000057e+02 5.967100000000000364e+02 3.552000000000000313e+01
1.938700000000000045e+02 1.546800000000000068e+02 1.024300000000000068e+02 5.992799999999999727e+02 3.592000000000000171e+01
1.926200000000000045e+02 1.580999999999999943e+02 1.029300000000000068e+02 5.904900000000000091e+02 3.540999999999999659e+01
1.946800000000000068e+02 1.615000000000000000e+02 1.059000000000000057e+02 5.990000000000000000e+02 3.645000000000000284e+01
1.922700000000000102e+02 1.588300000000000125e+02 1.034699999999999989e+02 5.907699999999999818e+02 3.547999999999999687e+01
1.939099999999999966e+02 1.592199999999999989e+02 1.052999999999999972e+02 5.875199999999999818e+02 3.529999999999999716e+01
1.941200000000000045e+02 1.624000000000000057e+02 1.043100000000000023e+02 5.987599999999999909e+02 3.557000000000000028e+01
2.019399999999999977e+02 1.634099999999999966e+02 1.051200000000000045e+02 5.943200000000000500e+02 3.571999999999999886e+01
2.015099999999999909e+02 1.675900000000000034e+02 1.040400000000000063e+02 5.961399999999999864e+02 3.586999999999999744e+01
2.035000000000000000e+02 1.642100000000000080e+02 1.031500000000000057e+02 5.983999999999999773e+02 3.600000000000000000e+01
2.054399999999999977e+02 1.650000000000000000e+02 1.080000000000000000e+02 6.076799999999999500e+02 3.600000000000000000e+01
2.077199999999999989e+02 1.650000000000000000e+02 1.100100000000000051e+02 6.150700000000000500e+02 3.664000000000000057e+01
2.063400000000000034e+02 1.650000000000000000e+02 1.106400000000000006e+02 6.219199999999999591e+02 3.682999999999999829e+01
2.039300000000000068e+02 1.653799999999999955e+02 1.099000000000000057e+02 6.253500000000000227e+02 3.706000000000000227e+01
2.061999999999999886e+02 1.682899999999999920e+02 9.948999999999999488e+01 6.371399999999999864e+02 3.710999999999999943e+01
2.039799999999999898e+02 1.678199999999999932e+02 9.434000000000000341e+01 6.300000000000000000e+02 3.625000000000000000e+01
2.046200000000000045e+02 1.699399999999999977e+02 9.731000000000000227e+01 6.310000000000000000e+02 3.646000000000000085e+01
2.054199999999999875e+02 1.694799999999999898e+02 9.484699999999999420e+01 6.244700000000000273e+02 3.653000000000000114e+01
2.050800000000000125e+02 1.707800000000000011e+02 9.570000000000000284e+01 6.166100000000000136e+02 3.628000000000000114e+01
2.070399999999999920e+02 1.702899999999999920e+02 9.350000000000000000e+01 6.261699999999999591e+02 3.667000000000000171e+01
2.073199999999999932e+02 1.707700000000000102e+02 9.218000000000000682e+01 6.117999999999999545e+02 3.639000000000000057e+01
2.115099999999999909e+02 1.715000000000000000e+02 9.150000000000000000e+01 6.155399999999999636e+02 3.707999999999999829e+01
2.064600000000000080e+02 1.697500000000000000e+02 9.050000000000000000e+01 6.660000000000000000e+02 3.604999999999999716e+01
2.082899999999999920e+02 1.701899999999999977e+02 9.040999999999999659e+01 6.639199999999999591e+02 3.586999999999999744e+01
2.084000000000000057e+02 1.714300000000000068e+02 9.207999999999999829e+01 6.773600000000000136e+02 3.559000000000000341e+01
2.090500000000000114e+02 1.719699999999999989e+02 9.100000000000000000e+01 6.625900000000000318e+02 3.514000000000000057e+01
2.097800000000000011e+02 1.740000000000000000e+02 9.090999999999999659e+01 6.733099999999999454e+02 3.504999999999999716e+01
2.051999999999999886e+02 1.749600000000000080e+02 8.882999999999999829e+01 6.560499999999999545e+02 3.490999999999999659e+01
2.056500000000000057e+02 1.783700000000000045e+02 9.073000000000000398e+01 6.739500000000000455e+02 3.542000000000000171e+01
2.092500000000000000e+02 1.824499999999999886e+02 9.114000000000000057e+01 6.940000000000000000e+02 3.550000000000000000e+01
2.070099999999999909e+02 1.879900000000000091e+02 9.240000000000000568e+01 7.057899999999999636e+02 3.607000000000000028e+01
2.036999999999999886e+02 1.882400000000000091e+02 9.031999999999999318e+01 7.173799999999999955e+02 3.632000000000000028e+01
2.070300000000000011e+02 1.864300000000000068e+02 8.739000000000000057e+01 7.146399999999999864e+02 3.918999999999999773e+01
2.048499999999999943e+02 1.858600000000000136e+02 8.756000000000000227e+01 7.101299999999999955e+02 4.067000000000000171e+01
2.072100000000000080e+02 1.861899999999999977e+02 8.900000000000000000e+01 7.098999999999999773e+02 4.200000000000000000e+01
2.044499999999999886e+02 1.850000000000000000e+02 8.825000000000000000e+01 6.895599999999999454e+02 4.200000000000000000e+01
2.050000000000000000e+02 1.845600000000000023e+02 9.015999999999999659e+01 6.918799999999999955e+02 4.318999999999999773e+01
2.087299999999999898e+02 1.863300000000000125e+02 9.007999999999999829e+01 7.010499999999999545e+02 4.382000000000000028e+01
2.089699999999999989e+02 1.873499999999999943e+02 9.298000000000000398e+01 7.042500000000000000e+02 4.452000000000000313e+01
2.084799999999999898e+02 1.891999999999999886e+02 9.598000000000000398e+01 6.980099999999999909e+02 4.442000000000000171e+01
2.066100000000000136e+02 1.920099999999999909e+02 9.900000000000000000e+01 7.080000000000000000e+02 4.550000000000000000e+01
2.140000000000000000e+02 1.928899999999999864e+02 1.032099999999999937e+02 7.083300000000000409e+02 4.525000000000000000e+01
2.307500000000000000e+02 1.908499999999999943e+02 1.024399999999999977e+02 7.150000000000000000e+02 4.570000000000000284e+01
2.334799999999999898e+02 1.929099999999999966e+02 1.029500000000000028e+02 7.123300000000000409e+02 4.610000000000000142e+01
2.332899999999999920e+02 1.875800000000000125e+02 1.015000000000000000e+02 7.208999999999999773e+02 4.650000000000000000e+01
2.362400000000000091e+02 1.882700000000000102e+02 1.013900000000000006e+02 7.209700000000000273e+02 4.706000000000000227e+01
2.368000000000000114e+02 1.874699999999999989e+02 1.009899999999999949e+02 7.267400000000000091e+02 4.667999999999999972e+01
2.386599999999999966e+02 1.862299999999999898e+02 1.002900000000000063e+02 7.265000000000000000e+02 4.660000000000000142e+01
2.367899999999999920e+02 1.869900000000000091e+02 1.012000000000000028e+02 7.298899999999999864e+02 4.652000000000000313e+01
2.400000000000000000e+02 1.890500000000000114e+02 1.000199999999999960e+02 7.263999999999999773e+02 4.634000000000000341e+01
2.377299999999999898e+02 1.911500000000000057e+02 9.721999999999999886e+01 7.231000000000000227e+02 4.602000000000000313e+01
2.378199999999999932e+02 1.875000000000000000e+02 9.487999999999999545e+01 7.223500000000000227e+02 4.682000000000000028e+01
2.372100000000000080e+02 1.840800000000000125e+02 9.501999999999999602e+01 7.140099999999999909e+02 4.625000000000000000e+01
2.379199999999999875e+02 1.827500000000000000e+02 9.415999999999999659e+01 7.123300000000000409e+02 4.667999999999999972e+01
2.378899999999999864e+02 1.825800000000000125e+02 9.460999999999999943e+01 7.220000000000000000e+02 4.727000000000000313e+01
2.370800000000000125e+02 1.827700000000000102e+02 9.418000000000000682e+01 7.120499999999999545e+02 4.700999999999999801e+01
2.396999999999999886e+02 1.828199999999999932e+02 9.575000000000000000e+01 7.181900000000000546e+02 4.760999999999999943e+01
2.407500000000000000e+02 1.845000000000000000e+02 9.521999999999999886e+01 7.135000000000000000e+02 4.746999999999999886e+01
2.409000000000000057e+02 1.842599999999999909e+02 9.387000000000000455e+01 7.157200000000000273e+02 4.775999999999999801e+01
2.410800000000000125e+02 1.839300000000000068e+02 9.078000000000000114e+01 7.165800000000000409e+02 4.736999999999999744e+01
2.400500000000000114e+02 1.857299999999999898e+02 9.062000000000000455e+01 7.155000000000000000e+02 4.767999999999999972e+01
2.361399999999999864e+02 1.823000000000000114e+02 8.753000000000000114e+01 6.930000000000000000e+02 4.650000000000000000e+01
2.367800000000000011e+02 1.859399999999999977e+02 8.787999999999999545e+01 6.920099999999999909e+02 4.535000000000000142e+01
2.370800000000000125e+02 1.814900000000000091e+02 8.740999999999999659e+01 7.000000000000000000e+02 4.610000000000000142e+01
2.385000000000000000e+02 1.832599999999999909e+02 8.967000000000000171e+01 7.157500000000000000e+02 4.629999999999999716e+01
2.420000000000000000e+02 1.860600000000000023e+02 9.090999999999999659e+01 7.172000000000000455e+02 4.672999999999999687e+01
2.428700000000000045e+02 1.917100000000000080e+02 9.500000000000000000e+01 7.173200000000000500e+02 4.675000000000000000e+01
2.434399999999999977e+02 1.885699999999999932e+02 9.520000000000000284e+01 7.227999999999999545e+02 4.639999999999999858e+01
2.445699999999999932e+02 1.864499999999999886e+02 9.503000000000000114e+01 7.257100000000000364e+02 4.702000000000000313e+01
2.476699999999999875e+02 1.950300000000000011e+02 9.470000000000000284e+01 7.393300000000000409e+02 4.796999999999999886e+01
2.485200000000000102e+02 1.973499999999999943e+02 9.600000000000000000e+01 7.401399999999999864e+02 4.940999999999999659e+01
2.520000000000000000e+02 1.975000000000000000e+02 9.618999999999999773e+01 7.500000000000000000e+02 5.157999999999999829e+01
2.538799999999999955e+02 1.975999999999999943e+02 9.506999999999999318e+01 7.568600000000000136e+02 5.260000000000000142e+01
2.529900000000000091e+02 1.989799999999999898e+02 9.626000000000000512e+01 7.467599999999999909e+02 5.289999999999999858e+01
2.519499999999999886e+02 1.977100000000000080e+02 9.700000000000000000e+01 7.488600000000000136e+02 5.306000000000000227e+01
2.568299999999999841e+02 1.978400000000000034e+02 9.851999999999999602e+01 7.465499999999999545e+02 5.264000000000000057e+01
2.560199999999999818e+02 1.979900000000000091e+02 9.843000000000000682e+01 7.354900000000000091e+02 5.335000000000000142e+01
2.560000000000000000e+02 1.993700000000000045e+02 8.543000000000000682e+01 7.325000000000000000e+02 5.293999999999999773e+01
2.574200000000000159e+02 1.981399999999999864e+02 8.667000000000000171e+01 7.440000000000000000e+02 5.370000000000000284e+01
2.551500000000000057e+02 1.985200000000000102e+02 8.829999999999999716e+01 7.475000000000000000e+02 5.410000000000000142e+01
2.550300000000000011e+02 1.959399999999999977e+02 8.648000000000000398e+01 7.477899999999999636e+02 5.340999999999999659e+01
2.589599999999999795e+02 1.982299999999999898e+02 8.573000000000000398e+01 7.465499999999999545e+02 5.500000000000000000e+01
2.600899999999999750e+02 1.986899999999999977e+02 9.103000000000000114e+01 7.427100000000000364e+02 5.617000000000000171e+01
2.588100000000000023e+02 2.020999999999999943e+02 9.150000000000000000e+01 7.379700000000000273e+02 5.711999999999999744e+01
2.574200000000000159e+02 2.012500000000000000e+02 9.192000000000000171e+01 7.459800000000000182e+02 5.618999999999999773e+01
2.607599999999999909e+02 2.053600000000000136e+02 9.118999999999999773e+01 7.650000000000000000e+02 5.639000000000000057e+01
2.621899999999999977e+02 1.994300000000000068e+02 9.123000000000000398e+01 7.598700000000000045e+02 5.734000000000000341e+01
2.615099999999999909e+02 1.936999999999999886e+02 9.400000000000000000e+01 7.638099999999999454e+02 5.700000000000000000e+01
2.567599999999999909e+02 1.979799999999999898e+02 9.328000000000000114e+01 7.570599999999999454e+02 5.596999999999999886e+01
2.583299999999999841e+02 1.998000000000000114e+02 9.320000000000000284e+01 7.537000000000000455e+02 5.646000000000000085e+01
2.613399999999999750e+02 1.989399999999999977e+02 9.376999999999999602e+01 7.648099999999999454e+02 5.789000000000000057e+01
2.631600000000000250e+02 1.985000000000000000e+02 9.590999999999999659e+01 7.668099999999999454e+02 5.900000000000000000e+01
2.614399999999999977e+02 2.003499999999999943e+02 9.512000000000000455e+01 7.673899999999999864e+02 5.903000000000000114e+01
2.623899999999999864e+02 2.005300000000000011e+02 9.440000000000000568e+01 7.697999999999999545e+02 5.940999999999999659e+01
2.640000000000000000e+02 2.004699999999999989e+02 9.459999999999999432e+01 7.699400000000000546e+02 5.882000000000000028e+01
2.650500000000000114e+02 1.989600000000000080e+02 9.553000000000000114e+01 7.684600000000000364e+02 6.189999999999999858e+01
2.687599999999999909e+02 1.964699999999999989e+02 9.682999999999999829e+01 7.718999999999999773e+02 6.310999999999999943e+01
2.660000000000000000e+02 1.994199999999999875e+02 9.518999999999999773e+01 7.686200000000000045e+02 6.289000000000000057e+01
2.654800000000000182e+02 1.968000000000000114e+02 9.493999999999999773e+01 7.644099999999999682e+02 6.260000000000000142e+01
2.663399999999999750e+02 1.940000000000000000e+02 9.598000000000000398e+01 7.640000000000000000e+02 6.106000000000000227e+01
2.709300000000000068e+02 1.936100000000000136e+02 9.604999999999999716e+01 7.618999999999999773e+02 6.207000000000000028e+01
2.757799999999999727e+02 1.916999999999999886e+02 9.567000000000000171e+01 7.575000000000000000e+02 6.245000000000000284e+01
2.729499999999999886e+02 1.957199999999999989e+02 9.568000000000000682e+01 7.633099999999999454e+02 6.303999999999999915e+01
2.782900000000000205e+02 1.942700000000000102e+02 9.612999999999999545e+01 7.630000000000000000e+02 6.313000000000000256e+01
2.726000000000000227e+02 1.956899999999999977e+02 9.637999999999999545e+01 7.560000000000000000e+02 6.196000000000000085e+01
2.701100000000000136e+02 1.914499999999999886e+02 9.732999999999999829e+01 7.600499999999999545e+02 6.168999999999999773e+01
2.545999999999999943e+02 1.886899999999999977e+02 9.696999999999999886e+01 7.687200000000000273e+02 6.228000000000000114e+01
2.525099999999999909e+02 1.895999999999999943e+02 9.784000000000000341e+01 7.710499999999999545e+02 6.190999999999999659e+01
2.440300000000000011e+02 1.875000000000000000e+02 9.748000000000000398e+01 7.666000000000000227e+02 6.175000000000000000e+01
2.466699999999999875e+02 1.826200000000000045e+02 9.781000000000000227e+01 7.708999999999999773e+02 6.139000000000000057e+01
2.465900000000000034e+02 1.847400000000000091e+02 9.790000000000000568e+01 7.741100000000000136e+02 6.328000000000000114e+01
2.468199999999999932e+02 1.847199999999999989e+02 9.776000000000000512e+01 7.740399999999999636e+02 6.275000000000000000e+01
2.499600000000000080e+02 1.809499999999999886e+02 1.001099999999999994e+02 7.895299999999999727e+02 6.292000000000000171e+01
2.449300000000000068e+02 1.809099999999999966e+02 9.923000000000000398e+01 7.838899999999999864e+02 6.213000000000000256e+01
2.433199999999999932e+02 1.786100000000000136e+02 9.906000000000000227e+01 7.793600000000000136e+02 6.195000000000000284e+01
2.353799999999999955e+02 1.748199999999999932e+02 9.590999999999999659e+01 7.573500000000000227e+02 5.872999999999999687e+01
2.414499999999999886e+02 1.784300000000000068e+02 9.717000000000000171e+01 7.687699999999999818e+02 6.060000000000000142e+01
2.373100000000000023e+02 1.784699999999999989e+02 9.734999999999999432e+01 7.622000000000000455e+02 6.000999999999999801e+01
2.327400000000000091e+02 1.773799999999999955e+02 9.723000000000000398e+01 7.620000000000000000e+02 6.050000000000000000e+01
2.329000000000000057e+02 1.771500000000000057e+02 9.709999999999999432e+01 7.732799999999999727e+02 6.290999999999999659e+01
2.337800000000000011e+02 1.755900000000000034e+02 9.990000000000000568e+01 7.799700000000000273e+02 6.350000000000000000e+01
2.345500000000000114e+02 1.762299999999999898e+02 9.878000000000000114e+01 7.760000000000000000e+02 6.440000000000000568e+01
2.350900000000000034e+02 1.760099999999999909e+02 9.690000000000000568e+01 7.832500000000000000e+02 6.328000000000000114e+01
2.409499999999999886e+02 1.800600000000000023e+02 9.554000000000000625e+01 7.942699999999999818e+02 6.523999999999999488e+01
2.372299999999999898e+02 1.815000000000000000e+02 9.575000000000000000e+01 8.031299999999999955e+02 6.509999999999999432e+01
2.360000000000000000e+02 1.807899999999999920e+02 9.537999999999999545e+01 8.017999999999999545e+02 6.420999999999999375e+01
2.383700000000000045e+02 1.833199999999999932e+02 9.504000000000000625e+01 8.018500000000000227e+02 6.409000000000000341e+01
2.436999999999999886e+02 1.843400000000000034e+02 9.709999999999999432e+01 8.180000000000000000e+02 6.664000000000000057e+01
2.401999999999999886e+02 1.840000000000000000e+02 9.731000000000000227e+01 8.282599999999999909e+02 6.667000000000000171e+01
2.388700000000000045e+02 1.825000000000000000e+02 9.690000000000000568e+01 8.326100000000000136e+02 6.776999999999999602e+01
2.368100000000000023e+02 1.789799999999999898e+02 9.800000000000000000e+01 8.360000000000000000e+02 6.851999999999999602e+01
2.377299999999999898e+02 1.764399999999999977e+02 1.031899999999999977e+02 8.409099999999999682e+02 6.854999999999999716e+01
2.378400000000000034e+02 1.766899999999999977e+02 1.035000000000000000e+02 8.380000000000000000e+02 6.887999999999999545e+01
2.355999999999999943e+02 1.751399999999999864e+02 1.049699999999999989e+02 8.437000000000000455e+02 6.740999999999999659e+01
2.426100000000000136e+02 1.784499999999999886e+02 1.039800000000000040e+02 8.457899999999999636e+02 6.779000000000000625e+01
2.416500000000000057e+02 1.706999999999999886e+02 1.031800000000000068e+02 8.432500000000000000e+02 6.720000000000000284e+01
2.402100000000000080e+02 1.684799999999999898e+02 1.023100000000000023e+02 8.410199999999999818e+02 6.687999999999999545e+01
2.371800000000000068e+02 1.690200000000000102e+02 1.008799999999999955e+02 8.340000000000000000e+02 6.585999999999999943e+01
2.463499999999999943e+02 1.685000000000000000e+02 9.801000000000000512e+01 8.290000000000000000e+02 6.565000000000000568e+01
2.680299999999999727e+02 1.730000000000000000e+02 1.015900000000000034e+02 8.350800000000000409e+02 6.615000000000000568e+01
2.625000000000000000e+02 1.735800000000000125e+02 1.005000000000000000e+02 8.215000000000000000e+02 6.598000000000000398e+01
2.606200000000000045e+02 1.788300000000000125e+02 1.166299999999999955e+02 8.221100000000000136e+02 6.651999999999999602e+01
2.558400000000000034e+02 1.791500000000000057e+02 1.182500000000000000e+02 8.203999999999999773e+02 6.615999999999999659e+01
2.554499999999999886e+02 1.769699999999999989e+02 1.219699999999999989e+02 8.139900000000000091e+02 6.725000000000000000e+01
2.531800000000000068e+02 1.768899999999999864e+02 1.225000000000000000e+02 8.093600000000000136e+02 6.748999999999999488e+01
2.532299999999999898e+02 1.807500000000000000e+02 1.274200000000000017e+02 8.249500000000000455e+02 6.800000000000000000e+01
2.506699999999999875e+02 1.799900000000000091e+02 1.265199999999999960e+02 8.392999999999999545e+02 7.059000000000000341e+01
2.465900000000000034e+02 1.793700000000000045e+02 1.262900000000000063e+02 8.327599999999999909e+02 7.126999999999999602e+01
2.458899999999999864e+02 1.787700000000000102e+02 1.274300000000000068e+02 8.312400000000000091e+02 7.270999999999999375e+01
2.398600000000000136e+02 1.773000000000000114e+02 1.260799999999999983e+02 7.820000000000000000e+02 7.101999999999999602e+01
2.434900000000000091e+02 1.822100000000000080e+02 1.268499999999999943e+02 7.810299999999999727e+02 7.079000000000000625e+01
2.428199999999999932e+02 1.884099999999999966e+02 1.249800000000000040e+02 7.990000000000000000e+02 7.142000000000000171e+01
2.398000000000000114e+02 1.923799999999999955e+02 1.228299999999999983e+02 7.839299999999999500e+02 6.957999999999999829e+01
2.388199999999999932e+02 1.906200000000000045e+02 1.223100000000000023e+02 7.650499999999999545e+02 6.907999999999999829e+01
2.299399999999999977e+02 1.890000000000000000e+02 1.220000000000000000e+02 7.627899999999999636e+02 6.751000000000000512e+01
2.317599999999999909e+02 1.953700000000000045e+02 1.242600000000000051e+02 7.716399999999999864e+02 6.954999999999999716e+01
2.332700000000000102e+02 1.982700000000000102e+02 1.241200000000000045e+02 7.849700000000000273e+02 7.154000000000000625e+01
2.266399999999999864e+02 2.136399999999999864e+02 1.218400000000000034e+02 7.640000000000000000e+02 6.923000000000000398e+01
2.382700000000000102e+02 2.283000000000000114e+02 1.227600000000000051e+02 7.788099999999999454e+02 7.148999999999999488e+01
2.354000000000000057e+02 2.345000000000000000e+02 1.149000000000000057e+02 7.357300000000000182e+02 7.951000000000000512e+01
2.403499999999999943e+02 2.320000000000000000e+02 1.147500000000000000e+02 7.455099999999999909e+02 8.809000000000000341e+01
2.413799999999999955e+02 2.299000000000000057e+02 1.145499999999999972e+02 7.300000000000000000e+02 8.429000000000000625e+01
2.444799999999999898e+02 2.250500000000000114e+02 1.129599999999999937e+02 7.398799999999999955e+02 8.734000000000000341e+01
2.477800000000000011e+02 2.207800000000000011e+02 1.151299999999999955e+02 7.493200000000000500e+02 9.231000000000000227e+01
2.510500000000000114e+02 2.208000000000000114e+02 1.157300000000000040e+02 7.610000000000000000e+02 9.239000000000000057e+01
2.510900000000000034e+02 2.207100000000000080e+02 1.162000000000000028e+02 7.660000000000000000e+02 9.409000000000000341e+01
2.525399999999999920e+02 2.241299999999999955e+02 1.183199999999999932e+02 7.881699999999999591e+02 9.329999999999999716e+01
2.592900000000000205e+02 2.204799999999999898e+02 1.177600000000000051e+02 7.817300000000000182e+02 9.371999999999999886e+01
2.635600000000000023e+02 2.244300000000000068e+02 1.176400000000000006e+02 7.865000000000000000e+02 9.442000000000000171e+01
2.635699999999999932e+02 2.249799999999999898e+02 1.170499999999999972e+02 7.769900000000000091e+02 9.387000000000000455e+01
2.613299999999999841e+02 2.155000000000000000e+02 1.172999999999999972e+02 7.680000000000000000e+02 9.400000000000000000e+01
2.596800000000000068e+02 2.205800000000000125e+02 1.190000000000000000e+02 7.620000000000000000e+02 9.359999999999999432e+01
2.598500000000000227e+02 2.201500000000000057e+02 1.175199999999999960e+02 7.524099999999999682e+02 9.209999999999999432e+01
2.716999999999999886e+02 2.205800000000000125e+02 1.167500000000000000e+02 7.433999999999999773e+02 8.625000000000000000e+01
2.534900000000000091e+02 2.246399999999999864e+02 1.207300000000000040e+02 7.450000000000000000e+02 8.998999999999999488e+01
2.569300000000000068e+02 2.242100000000000080e+02 1.200999999999999943e+02 7.639900000000000091e+02 9.220999999999999375e+01
2.540099999999999909e+02 2.260000000000000000e+02 1.244800000000000040e+02 7.645499999999999545e+02 9.284000000000000341e+01
2.545699999999999932e+02 2.302199999999999989e+02 1.254000000000000057e+02 7.718700000000000045e+02 9.518999999999999773e+01
2.526800000000000068e+02 2.314399999999999977e+02 1.237800000000000011e+02 7.700000000000000000e+02 9.420000000000000284e+01
2.500200000000000102e+02 2.303000000000000114e+02 1.228400000000000034e+02 7.663999999999999773e+02 8.984999999999999432e+01
2.520000000000000000e+02 2.247800000000000011e+02 1.235100000000000051e+02 7.649600000000000364e+02 9.009000000000000341e+01
2.544199999999999875e+02 2.218600000000000136e+02 1.234300000000000068e+02 7.782500000000000000e+02 9.254000000000000625e+01
2.531999999999999886e+02 2.220000000000000000e+02 1.234399999999999977e+02 7.662799999999999727e+02 9.690000000000000568e+01
2.578000000000000114e+02 2.220000000000000000e+02 1.263900000000000006e+02 7.650000000000000000e+02 9.982999999999999829e+01
2.621299999999999955e+02 2.203700000000000045e+02 1.242999999999999972e+02 7.588899999999999864e+02 9.970000000000000284e+01
2.598000000000000114e+02 2.223400000000000034e+02 1.254599999999999937e+02 7.686499999999999773e+02 1.045799999999999983e+02
2.602900000000000205e+02 2.260399999999999920e+02 1.255300000000000011e+02 7.700000000000000000e+02 1.056400000000000006e+02
2.631000000000000227e+02 2.244799999999999898e+02 1.268400000000000034e+02 7.681200000000000045e+02 1.068199999999999932e+02
2.572500000000000000e+02 2.249699999999999989e+02 1.256099999999999994e+02 7.645499999999999545e+02 1.063799999999999955e+02
2.579900000000000091e+02 2.264799999999999898e+02 1.262399999999999949e+02 7.633999999999999773e+02 1.120600000000000023e+02
2.588999999999999773e+02 2.303000000000000114e+02 1.290699999999999932e+02 7.762500000000000000e+02 1.195999999999999943e+02
2.549099999999999966e+02 2.260000000000000000e+02 1.259500000000000028e+02 7.723999999999999773e+02 1.049000000000000057e+02
2.581600000000000250e+02 2.263400000000000034e+02 1.262399999999999949e+02 7.664700000000000273e+02 1.113499999999999943e+02
2.561999999999999886e+02 2.234900000000000091e+02 1.249599999999999937e+02 7.579199999999999591e+02 1.044000000000000057e+02
2.570799999999999841e+02 2.232400000000000091e+02 1.274899999999999949e+02 7.583899999999999864e+02 1.034000000000000057e+02
2.598399999999999750e+02 2.261500000000000057e+02 1.292199999999999989e+02 7.615499999999999545e+02 1.045300000000000011e+02
2.646399999999999864e+02 2.260800000000000125e+02 1.320800000000000125e+02 7.823600000000000136e+02 1.028499999999999943e+02
2.631800000000000068e+02 2.198799999999999955e+02 1.314799999999999898e+02 7.980000000000000000e+02 1.035000000000000000e+02
2.609800000000000182e+02 2.200699999999999932e+02 1.312700000000000102e+02 7.966000000000000227e+02 1.078100000000000023e+02
2.625000000000000000e+02 2.216399999999999864e+02 1.309099999999999966e+02 7.936599999999999682e+02 1.060000000000000000e+02
2.620299999999999727e+02 2.221399999999999864e+02 1.306299999999999955e+02 8.003099999999999454e+02 1.042300000000000040e+02
2.607400000000000091e+02 2.196200000000000045e+02 1.311500000000000057e+02 8.143200000000000500e+02 1.035999999999999943e+02
2.609499999999999886e+02 2.209499999999999886e+02 1.350399999999999920e+02 8.157000000000000455e+02 1.030000000000000000e+02
